7 24 25 55 42 8 23 56 54 72 8 21 40 55 58 
7 11 26 38 41 6 18 12 45 28 
4 8 2 40 22 3 6 22 40 39 
4 3 2 36 22 
2 19 3 78 36 4 23 41 77 69 1 21 72 76 95 
1 8 16 36 28 
5 12 23 42 42 2 27 0 56 17 
3 17 19 79 53 2 20 52 80 84 
9 8 22 48 49 1 10 0 46 17 
6 2 1 34 17 6 4 17 36 33 
3 22 54 70 86 
6 9 33 52 54 7 10 10 52 32 
2 50 4 94 31 4 24 67 102 113 1 14 25 80 64 
1 55 61 79 73 7 54 87 82 101 5 56 69 80 82 3 57 78 81 91 
2 11 30 55 53 1 10 10 55 30 
2 4 4 26 19 4 4 18 25 30 
6 9 22 46 39 5 9 40 46 56 1 8 7 47 22 
8 13 16 40 31 1 12 4 42 16 
6 15 53 56 73 6 14 12 54 36 4 14 34 56 55 
5 19 37 59 55 1 33 3 74 20 6 27 17 67 36 
6 8 24 59 57 
9 4 15 38 28 2 3 1 36 15 
1 6 1 57 17 3 13 16 55 35 
9 9 26 28 36 3 10 8 29 18 6 9 17 28 28 
7 13 47 93 101 1 14 14 91 50 
4 4 25 40 40 1 4 10 41 25 
6 8 30 51 60 5 21 1 68 31 
6 11 35 66 73 
4 11 37 37 52 6 16 9 43 25 2 14 24 39 39 
5 23 24 69 46 1 10 48 58 68 9 41 4 78 20 
5 12 5 41 19 5 11 20 41 34 
6 42 29 87 57 7 29 58 75 85 3 54 0 96 28 
1 44 5 108 30 
3 2 0 22 11 
7 32 55 100 94 3 18 5 85 48 1 47 99 119 135 
3 6 0 40 17 8 7 18 39 34 
6 6 20 39 33 3 8 4 40 20 
1 24 15 84 42 1 31 51 91 80 1 37 88 98 118 
2 15 14 73 47 4 12 46 74 74 
2 7 24 24 33 4 16 1 37 14 6 12 13 32 24 
8 14 25 68 46 3 12 6 64 27 2 18 42 68 68 
3 42 6 79 31 1 41 30 80 49 
3 7 2 47 27 
5 14 30 64 58 4 15 4 68 29 
1 5 1 37 12 3 6 13 38 28 
9 31 18 72 38 3 27 37 74 64 1 30 3 72 20 
2 49 30 89 54 8 14 86 91 117 4 49 11 87 32 
2 5 0 30 14 2 5 14 31 28 
7 25 58 81 89 1 24 38 84 59 
5 11 21 51 42 6 13 0 53 22 9 10 41 48 62 
4 7 10 36 25 8 8 0 35 13 
3 7 16 35 32 2 7 1 35 16 
6 21 9 104 51 
2 80 23 103 37 
7 3 12 21 23 2 2 0 20 12 
9 2 16 26 30 2 4 4 27 18 
9 17 30 84 52 5 18 8 83 31 9 19 50 85 77 
5 4 11 53 45 
6 23 2 52 20 5 12 31 39 48 
4 19 22 66 45 9 12 58 67 83 4 16 40 61 60 
9 12 27 43 43 1 22 15 53 29 1 7 40 38 55 
5 11 17 33 28 6 11 6 34 19 9 13 28 36 41 
9 10 35 46 52 
9 12 24 48 40 
4 2 9 21 19 6 3 0 24 11 
4 10 22 48 41 6 11 40 49 58 
2 12 4 80 32 5 11 31 77 58 
2 12 66 88 101 1 16 37 85 66 
1 3 3 29 16 
1 29 6 58 20 8 24 29 56 42 9 25 17 55 30 
5 29 26 62 43 
1 5 25 29 34 2 3 6 31 25 
4 22 45 52 63 8 23 27 55 44 2 26 7 57 25 
4 6 16 44 41 
5 11 10 37 24 1 11 1 36 12 9 11 23 36 36 
2 4 1 35 17 
1 8 16 38 27 1 7 3 38 15 1 8 27 39 40 
2 11 2 48 17 8 10 15 47 29 1 8 28 47 41 
3 25 15 72 37 5 22 36 70 60 
1 8 22 60 39 6 7 41 57 62 
8 4 7 38 24 
4 9 13 48 31 8 9 34 47 53 
9 3 4 28 17 
2 33 49 81 71 2 31 21 85 50 
1 9 37 50 54 9 8 15 49 38 1 6 1 48 16 
1 18 49 77 71 3 13 13 65 51 
2 38 62 68 77 
8 25 35 62 53 7 25 52 61 71 4 20 12 67 37 
7 17 5 95 44 
1 21 21 54 36 1 17 48 57 66 4 19 35 57 53 
3 6 33 57 52 1 5 21 52 34 
7 6 18 32 32 1 5 9 30 18 
4 7 5 36 19 2 5 19 35 35 
6 81 33 114 52 1 79 18 115 37 7 67 42 111 70 
3 5 8 32 27 
2 19 2 93 43 9 16 43 92 84 
4 4 4 29 18 6 5 19 31 33 
8 14 16 50 33 8 17 35 53 53 1 13 3 51 18 
2 19 3 49 17 9 15 29 53 49 
8 8 35 51 59 1 13 19 51 34 
1 46 10 105 41 4 31 38 85 69 6 17 69 74 105 
1 14 3 56 19 3 13 17 56 34 2 13 33 55 51 
8 14 29 43 45 2 12 1 41 16 
1 38 27 64 41 1 14 52 44 68 3 25 40 53 53 
5 24 79 84 105 6 24 54 81 78 
4 22 39 65 63 9 26 64 65 85 
6 38 67 73 87 
4 1 16 28 31 6 0 0 29 15 
7 36 27 67 42 2 34 40 68 56 9 31 53 69 71 
2 2 2 30 17 3 11 19 32 33 
5 9 34 45 53 
3 11 35 45 49 3 9 20 42 35 
2 24 25 59 43 1 23 41 58 58 
7 24 35 51 49 3 17 21 52 37 2 15 3 50 22 
8 4 1 35 15 
6 28 5 101 46 7 29 44 104 86 
9 1 5 23 21 
4 21 20 89 59 

8 3 13 29 26 
8 6 22 39 38 3 9 4 42 21 
5 19 0 77 31 
4 26 9 121 45 
2 1 9 22 22 
2 24 1 80 26 7 22 27 76 57 
3 5 2 37 15 4 4 26 38 41 3 6 15 37 27 
8 15 46 51 65 1 14 17 53 33 1 15 32 51 48 
6 3 21 43 37 4 6 38 47 54 
8 2 32 46 49 3 4 12 48 29 
2 27 51 64 70 6 27 26 64 46 4 28 6 64 28 
5 6 13 35 26 2 6 0 36 13 
4 21 10 62 28 
5 6 26 36 42 3 6 9 35 25 
2 13 1 63 26 
2 15 43 57 64 5 16 25 57 44 2 19 4 60 26 
2 7 2 55 30 4 8 31 53 59 
6 10 38 45 59 5 21 21 54 39 2 34 4 65 22 
2 16 12 44 28 2 15 40 39 55 
4 2 18 44 38 4 4 2 47 19 
6 25 18 131 84 2 97 25 160 67 
4 28 106 123 156 4 30 6 130 58 
7 2 6 23 20 
2 8 4 71 41 5 10 44 71 76 
2 13 25 41 41 7 13 11 40 26 4 15 0 40 13 
5 61 88 119 113 6 62 43 117 67 1 62 66 117 89 
2 8 25 34 39 5 8 13 33 26 
5 2 3 30 18 8 2 19 30 32 
1 19 5 69 22 5 16 18 63 34 
9 4 24 46 47 
1 74 82 108 98 9 75 65 112 85 1 73 95 109 112 2 72 49 115 72 1 72 106 110 127 
2 52 47 102 84 6 75 21 125 63 3 13 73 81 118 
1 52 44 82 58 7 51 54 80 69 1 68 5 116 22 
8 28 48 57 64 1 23 28 55 43 
3 14 20 49 37 2 15 2 49 20 
1 12 36 72 58 1 10 56 72 78 
4 65 102 93 120 
8 30 62 96 93 2 31 91 96 126 1 27 31 98 59 
8 16 31 48 47 2 17 11 53 32 5 14 46 48 62 
6 20 9 96 41 7 28 70 106 112 
9 3 2 26 16 9 2 15 25 28 
8 33 53 96 84 3 24 86 83 119 
3 3 2 48 27 7 3 27 48 53 
2 24 64 112 102 3 33 48 100 76 
9 5 34 42 48 4 11 21 43 34 
3 9 37 77 76 1 8 8 78 35 
3 17 40 61 56 2 17 28 59 43 
8 51 41 106 69 1 54 67 105 90 1 51 16 109 45 
2 12 16 35 27 9 14 28 37 39 7 16 37 37 48 
9 5 19 32 29 1 5 7 32 19 
1 17 5 46 19 5 14 17 45 31 
2 4 5 31 19 6 6 18 32 32 
5 10 23 61 46 1 8 8 61 25 
2 45 3 98 35 3 14 60 67 90 2 29 31 84 61 
3 10 24 29 33 9 10 16 29 25 9 8 7 29 16 
1 22 62 84 88 2 20 43 78 68 2 25 18 87 48 
7 20 8 46 21 3 19 24 49 41 
2 3 8 33 19 9 5 27 34 37 
1 18 7 95 35 
3 10 23 59 47 2 8 3 55 23 
4 10 1 33 11 3 10 7 33 18 
2 107 23 159 55 
3 103 102 136 121 2 100 136 139 157 
8 7 28 58 53 1 7 9 60 27 
7 4 6 33 26 
9 31 25 71 43 
4 17 9 49 26 4 21 27 48 41 6 22 41 49 56 
4 40 124 130 178 8 150 104 238 159 
5 20 15 55 33 8 13 32 45 49 5 31 1 63 17 
2 12 84 99 115 3 17 56 97 85 3 25 31 103 61 
3 12 18 41 33 1 18 31 43 43 1 8 7 38 20 
2 5 22 29 34 1 6 12 30 22 
7 18 30 72 54 3 18 8 66 32 
1 13 5 48 20 1 11 36 43 51 3 12 20 45 38 
3 8 3 43 22 
2 31 26 74 51 3 32 48 74 72 
3 35 10 85 28 1 13 82 97 114 
1 72 106 103 121 
9 3 18 34 31 2 3 3 34 18 
9 5 4 76 37 
4 2 15 25 27 4 2 3 25 14 
4 10 24 47 50 1 11 4 48 22 
5 6 16 55 45 
8 8 23 34 37 1 7 14 33 24 5 7 0 32 15 
4 5 11 25 22 9 3 0 23 11 
6 20 26 78 55 1 20 4 85 31 
2 4 15 34 31 
1 39 49 73 63 5 42 61 76 75 
3 7 17 30 30 5 8 29 31 42 
1 22 16 59 33 7 24 1 58 18 
7 12 17 72 55 
2 20 6 74 44 8 15 46 65 77 
9 3 22 35 36 3 3 9 35 22 
3 5 11 31 25 5 5 1 30 12 
8 9 21 30 33 
4 9 28 32 40 8 9 16 32 29 
1 9 35 50 49 
2 23 24 131 74 5 17 80 127 136 
5 1 0 25 15 1 1 18 22 27 
9 5 5 34 22 4 5 23 32 39 
2 19 18 57 40 3 21 39 58 62 
5 8 40 66 70 1 12 9 71 33 
9 24 11 62 34 3 23 32 60 53 6 21 51 58 73 
3 5 17 29 31 2 7 2 30 17 
3 15 8 73 37 1 16 36 73 55 1 16 50 76 69 
4 9 2 62 26 2 13 49 67 75 4 12 31 64 50 
2 22 29 56 46 7 33 44 72 67 3 12 10 46 29 
8 5 15 66 49 
3 22 26 47 42 5 13 38 41 56 3 24 13 50 30 
1 33 121 71 142 1 33 137 71 158 6 33 152 72 175 
3 9 28 56 50 1 10 1 57 18 
3 9 41 102 97 
4 84 75 130 99 1 90 48 136 71 
1 15 37 69 53 1 8 0 64 18 
5 6 30 84 62 2 11 2 86 29 
2 61 25 97 45 
4 9 1 64 32 5 8 37 59 68 
7 4 15 35 30 4 4 0 32 14 
9 3 22 31 35 3 3 5 31 19 
2 18 8 68 36 4 16 39 64 66 
4 7 3 35 24 
3 22 27 56 43 2 19 43 57 61 1 19 12 54 28 
8 21 68 73 94 3 21 44 76 69 
7 37 50 76 71 1 19 17 58 37 8 24 32 66 51 3 52 65 91 88 
2 64 82 133 125 8 56 37 132 78 7 54 7 131 45 
6 45 53 85 77 2 22 31 62 56 3 58 75 99 100 
2 116 100 149 118 
8 16 63 98 96 
2 5 0 27 15 2 5 15 27 29 
5 3 6 29 21 4 6 18 31 31 
1 27 32 78 50 5 23 5 80 34 
4 8 1 51 26 5 7 26 49 49 
5 9 2 85 43 6 8 47 86 93 
6 57 37 112 61 3 56 3 111 25 
2 4 7 46 32 
5 8 28 49 50 1 5 10 48 26 
2 7 17 54 36 3 6 1 51 18 
3 5 16 36 34 1 5 3 35 16 
9 37 18 69 40 7 20 31 56 53 1 49 6 82 30 
4 27 67 71 93 6 30 48 72 70 
5 16 4 76 40 1 12 43 65 68 
5 5 4 59 34 5 8 33 61 62 
4 7 26 40 41 2 10 0 41 15 
4 9 37 52 57 2 7 16 50 37 
7 13 38 40 52 4 15 13 43 28 1 15 3 44 16 
3 2 15 39 38 
4 17 1 66 26 3 16 27 67 52 8 17 53 69 80 
3 13 22 49 41 7 15 39 50 55 
4 41 101 80 120 5 33 67 69 91 
3 8 19 62 44 9 10 44 64 66 
2 10 6 38 23 9 11 26 38 44 
7 2 4 31 23 
2 3 15 30 32 
5 11 30 40 48 1 15 15 45 31 9 21 0 48 16 
2 3 9 23 25 
5 5 16 41 30 
4 6 13 41 30 1 9 0 43 13 
4 7 21 35 33 4 7 32 33 42 
9 6 23 35 41 3 4 2 35 21 
4 43 70 96 94 3 45 46 101 75 3 42 94 99 122 
3 32 65 89 89 2 35 87 97 113 
4 32 30 71 51 1 28 74 72 95 2 30 51 70 74 
3 18 0 60 17 1 13 14 51 30 
9 15 35 58 55 1 18 2 63 21 8 17 54 59 72 
6 3 4 30 16 8 2 17 31 29 
4 4 0 34 17 6 3 18 36 36 
7 4 21 37 38 8 9 5 38 22 
3 7 11 42 29 4 8 28 42 46 
4 3 18 28 36 
6 6 17 51 34 4 10 1 54 17 
1 12 19 52 37 
4 2 18 28 28 4 1 7 27 18 
7 29 0 77 27 
7 0 64 27 82 6 10 46 40 66 5 27 30 53 47 
8 5 1 35 18 6 6 19 34 36 
6 9 4 32 15 3 9 13 31 23 6 8 23 32 35 
4 11 1 40 20 
5 15 9 71 38 
5 8 18 52 35 1 6 8 48 19 
4 1 4 15 14 
7 9 27 46 47 3 10 48 47 66 1 12 10 51 27 
9 9 28 47 49 2 7 5 45 26 
2 3 21 40 36 5 5 9 41 23 
2 8 3 64 38 6 7 39 67 74 
7 32 65 64 82 3 33 46 66 64 3 30 28 68 48 
2 11 41 59 58 5 11 28 56 44 
3 8 6 62 36 5 10 37 61 62 
4 12 12 61 28 1 10 42 58 61 
2 8 28 54 58 7 7 0 53 27 
2 4 0 57 31 7 6 30 58 59 
5 21 46 85 72 6 15 16 81 43 
5 23 82 107 128 1 20 29 109 64 
7 4 12 37 27 
7 4 8 35 21 8 2 21 34 36 
4 1 0 38 18 7 3 19 38 38 
3 11 37 49 58 1 14 23 50 40 
6 16 46 64 76 3 12 1 55 23 
3 27 33 71 54 1 26 13 71 34 
5 76 47 116 69 4 69 68 115 92 
3 2 10 21 23 
7 4 0 24 10 
9 22 31 54 48 8 21 46 52 61 
3 2 10 28 27 
2 4 20 32 33 2 4 6 32 20 
5 5 3 27 13 
2 5 10 40 28 
4 11 5 74 39 
3 7 38 68 69 5 4 8 63 37 
4 13 7 54 34 7 11 33 51 58 
1 6 19 41 34 1 6 1 42 16 1 5 37 42 52 
7 25 3 58 22 7 16 37 57 63 
2 29 39 79 64 6 19 80 73 103 
9 6 7 35 22 1 7 22 36 34 
3 79 46 110 64 3 79 25 108 43 
5 16 22 63 46 1 19 5 66 23 
2 51 3 91 26 7 27 45 69 70 5 36 31 74 54 
4 16 10 44 24 8 13 23 39 36 1 8 35 36 47 
2 20 15 49 30 3 22 29 50 44 8 22 42 49 57 
6 37 74 105 116 6 42 3 110 40 
4 45 83 120 129 6 45 40 129 88 
4 9 24 86 60 1 20 0 88 24 
2 10 15 38 31 
3 3 24 40 46 
5 39 52 87 72 1 35 8 82 30 
1 12 28 42 40 2 13 0 41 15 
4 51 35 179 104 
7 12 48 50 65 3 10 29 49 49 4 11 9 50 29 
2 13 8 46 22 8 11 34 47 50 
7 8 14 41 28 1 8 4 43 17 
1 70 11 120 36 
4 2 10 24 25 
6 6 20 41 43 3 26 2 59 21 
5 5 17 27 31 8 4 2 26 17 
4 3 3 26 17 
7 3 26 35 40 6 3 10 34 27 
4 3 10 65 60 
8 3 16 27 28 5 2 1 27 15 
1 13 27 54 47 3 12 41 51 60 
8 12 6 64 30 
1 12 13 57 32 9 13 47 59 68 1 12 31 60 47 
1 14 7 60 24 6 18 34 62 52 
4 66 26 97 44 
8 23 53 66 75 5 23 29 66 54 
3 17 1 60 22 5 14 20 53 42 
4 19 40 58 61 9 21 61 58 80 
1 11 59 48 76 2 32 18 67 37 2 21 36 58 60 
6 18 16 57 35 5 16 35 56 56 2 20 0 63 20 
1 9 10 89 36 
3 22 28 47 43 4 21 44 45 60 5 26 13 49 28 
3 5 1 42 21 7 4 23 40 42 

4 46 50 90 76 1 37 5 82 27 5 41 24 87 51 
1 11 41 43 56 4 16 4 47 22 9 12 22 44 41 
9 8 1 60 26 
9 9 46 61 73 8 10 16 63 46 
7 26 5 64 33 5 13 28 48 56 
2 58 79 82 94 2 57 68 85 84 
5 7 41 105 99 
9 3 31 38 45 7 5 19 39 31 
5 12 61 68 82 2 9 41 65 58 
3 11 12 39 27 8 11 26 39 39 1 12 38 40 51 
3 11 32 39 47 4 10 4 39 19 2 11 18 38 33 
5 44 5 128 50 5 32 44 113 82 
9 16 31 48 49 3 15 9 46 28 
1 21 4 54 19 4 23 38 60 60 
7 11 4 57 24 3 9 25 55 46 
1 40 45 81 67 
5 17 1 115 64 6 22 78 120 140 
3 13 25 55 49 7 15 50 55 70 1 17 6 58 25 
3 11 40 74 67 2 9 9 69 37 
3 1 17 22 28 
9 6 20 42 38 5 6 3 43 20 
4 17 21 43 37 7 16 5 43 21 
5 35 30 65 46 3 28 6 67 25 
1 24 9 89 39 6 32 56 92 84 4 31 34 88 59 
5 24 2 82 32 4 27 31 81 59 
1 10 21 45 35 7 11 5 45 22 
3 2 17 28 31 
2 6 36 56 54 9 7 20 55 37 
2 14 41 61 62 1 16 22 64 40 
1 8 17 60 31 7 11 34 59 53 
2 1 2 33 18 5 3 18 35 33 
2 3 3 34 19 1 3 20 35 32 
5 7 10 43 28 4 6 27 40 41 
5 15 36 51 53 1 16 52 54 66 
8 27 75 118 126 1 26 33 117 68 
3 0 2 25 19 
9 5 23 46 48 2 6 0 45 24 
7 12 22 56 40 1 11 5 57 22 
1 6 13 25 24 1 7 5 26 15 
7 8 14 43 35 1 8 0 43 13 
3 16 34 61 61 5 14 4 58 30 
9 5 2 27 16 
3 23 35 63 55 5 21 0 64 20 8 23 19 63 37 
5 12 36 47 57 1 13 21 47 37 
9 4 4 25 19 
8 10 21 48 43 
6 16 25 52 43 1 17 43 54 60 1 15 8 53 24 
3 13 27 56 48 2 9 5 52 27 
3 7 28 58 56 1 9 9 59 28 
5 45 55 80 71 9 44 35 80 55 8 45 73 78 89 
7 16 53 57 74 1 17 40 53 54 
7 22 49 64 71 7 18 33 54 50 2 13 13 51 34 
8 3 17 28 30 4 3 5 27 18 
9 13 38 59 63 3 18 3 69 30 
6 10 50 66 73 
2 9 1 54 25 5 6 23 50 47 
8 7 15 32 25 8 7 24 32 36 
5 31 41 55 55 
3 37 16 68 35 5 35 36 66 55 5 35 55 64 74 
2 27 9 63 29 3 26 28 62 46 1 24 44 61 61 
4 9 21 75 65 
7 4 0 29 13 4 4 13 31 25 
2 10 2 41 20 2 8 35 43 52 4 9 20 40 37 
4 8 11 38 27 7 7 26 36 41 
8 17 52 93 86 1 20 21 97 51 4 16 83 97 116 
9 22 13 60 32 1 26 1 64 18 5 15 31 52 53 
7 15 28 62 49 2 16 7 65 30 2 13 48 61 73 
8 6 19 50 40 1 5 3 48 17 2 11 41 53 59 
7 8 9 30 22 7 10 0 31 10 
2 13 14 60 40 7 10 40 54 66 
7 10 17 40 30 8 8 3 41 17 5 9 30 41 43 
7 24 43 50 57 1 21 18 52 32 
5 2 12 22 25 4 5 1 25 12 
6 6 22 35 36 
8 19 30 67 54 4 15 4 63 28 
4 2 19 33 39 
5 11 12 47 28 7 9 28 46 43 
1 16 0 53 15 4 16 42 50 64 1 12 19 52 39 
7 30 49 108 90 6 19 92 95 135 2 45 9 119 52 
4 95 56 155 87 1 31 45 67 66 3 98 27 156 56 3 38 33 69 51 
4 42 46 115 95 1 62 12 135 64 1 10 78 96 130 
5 20 51 58 72 2 19 74 55 95 
4 40 31 84 57 1 38 55 83 77 
9 4 11 42 33 
7 5 23 35 39 
3 6 33 55 60 6 8 6 57 33 
3 5 0 40 22 
3 12 19 42 37 2 24 4 54 20 
3 20 27 77 55 1 18 3 76 24 8 21 59 78 88 
5 20 11 55 32 
4 6 25 29 39 5 5 13 29 26 1 5 4 29 14 
7 12 33 35 47 4 13 11 36 24 
5 4 1 38 16 8 4 16 38 31 
8 15 1 51 20 9 15 31 46 48 1 16 17 49 32 
8 2 21 36 40 3 2 1 35 18 
4 7 22 44 43 5 6 2 43 19 
4 3 18 35 34 3 5 1 36 18 
3 7 18 39 37 3 6 1 37 18 

8 13 45 70 73 1 25 24 78 44 
1 23 102 57 119 2 21 75 55 93 
6 19 18 54 37 1 25 37 56 51 1 18 9 47 24 
4 12 7 59 32 
3 5 12 38 33 
3 9 37 43 53 1 10 25 43 37 1 9 12 43 25 
9 11 9 57 39 6 10 41 60 72 
1 12 69 63 90 4 27 24 76 53 
8 7 24 46 41 
8 13 42 84 82 4 9 4 80 41 
6 8 35 55 58 2 13 7 63 34 
3 19 26 62 48 5 16 49 62 76 7 20 4 64 27 
1 34 51 79 72 3 30 67 80 96 
3 7 2 34 17 
3 3 5 29 19 
7 33 50 82 73 9 32 73 77 98 5 40 24 86 49 
1 17 19 52 34 9 34 53 67 70 6 24 35 59 52 
4 9 17 37 31 6 10 0 40 16 
1 31 77 131 119 7 32 122 129 176 
9 5 29 39 43 4 5 13 40 29 
1 72 64 125 93 1 71 105 130 131 1 65 18 116 39 
5 15 27 56 51 8 11 4 54 26 
3 7 42 54 78 5 23 16 67 50 1 39 2 83 29 
9 60 103 131 143 8 59 79 122 110 
5 9 28 41 45 
3 9 4 56 31 2 17 49 60 72 1 16 28 58 49 
1 32 15 67 32 4 22 30 59 46 3 13 44 52 64 
2 21 7 90 49 8 27 90 90 125 
2 11 49 75 86 3 14 16 74 48 
2 31 48 80 68 
9 0 1 23 17 
2 11 41 63 68 5 10 14 61 43 
7 4 19 36 32 4 4 2 36 19 
7 4 23 38 39 2 8 10 42 26 
4 15 65 87 98 5 17 28 90 63 1 18 8 90 31 
5 6 6 44 24 9 6 24 46 43 
5 12 1 39 15 8 11 15 38 30 
4 2 0 35 18 1 3 19 36 32 
2 41 40 95 69 3 52 69 111 106 3 21 6 75 36 
3 11 1 69 30 
7 10 14 31 27 2 9 1 32 14 
2 5 2 30 15 
9 10 18 67 47 1 13 1 69 18 
1 44 4 69 16 5 41 17 66 29 
4 29 61 71 81 6 38 81 78 102 4 19 32 62 57 
1 15 17 67 40 6 14 40 66 71 
2 5 20 45 41 2 7 3 47 24 1 3 40 47 61 
7 30 22 70 45 2 30 1 72 26 4 17 70 53 84 8 25 43 72 68 
2 9 5 47 21 3 8 20 45 35 
8 10 21 56 42 6 11 2 56 21 
2 1 5 20 17 
6 7 0 46 24 
8 4 3 80 47 2 10 50 83 92 
7 13 20 38 33 6 14 31 39 46 3 13 6 37 20 
1 11 1 51 16 4 9 34 50 54 8 9 16 49 35 
9 35 59 103 90 1 40 89 103 113 
7 6 21 44 41 2 4 3 45 22 
4 9 18 59 37 
2 24 16 87 47 
5 23 23 64 45 7 21 43 62 65 1 18 59 61 77 
3 36 37 84 64 
5 7 25 43 38 1 7 35 45 48 
4 4 5 32 20 8 6 19 33 34 
2 5 11 43 34 
2 8 37 60 61 2 8 14 57 37 
1 12 2 50 16 1 10 14 49 28 
2 5 5 32 24 
2 4 1 42 19 3 5 21 41 43 
2 8 18 34 30 9 7 30 34 42 2 7 5 35 19 
2 12 25 46 43 2 11 7 45 24 
9 2 1 35 16 1 2 17 36 30 
3 3 14 30 29 4 3 0 30 15 
4 17 38 54 59 4 15 20 52 39 1 17 6 51 22 
3 4 16 36 31 1 5 3 34 15 
2 13 20 100 55 
1 23 13 72 37 1 21 37 72 61 
6 23 120 85 157 
2 15 12 84 49 3 22 68 85 99 4 19 47 84 77 
3 59 59 99 78 7 59 77 97 93 
8 5 26 42 46 1 3 10 39 25 
6 24 0 57 20 
4 27 42 70 63 
5 6 29 36 42 
7 13 19 55 38 6 14 1 57 21 
3 10 9 42 28 3 23 42 57 63 
1 23 87 82 113 4 17 36 75 66 4 27 69 76 91 
3 18 6 112 64 9 29 73 124 127 
9 10 6 55 33 6 9 33 53 59 
2 4 16 29 27 
6 5 30 49 54 5 4 6 48 31 
4 9 7 40 27 8 10 25 38 39 
4 5 31 44 46 4 4 15 42 29 2 5 1 42 15 
4 37 35 92 62 3 40 59 95 87 5 37 80 92 108 
1 3 19 25 29 3 3 7 25 19 
2 13 41 75 75 1 15 6 71 26 1 17 25 72 45 
1 56 8 106 32 5 32 38 80 67 4 15 66 68 103 
2 10 46 58 73 7 8 16 60 51 
1 4 25 37 42 6 3 2 37 24 
2 18 24 56 42 2 24 41 62 63 1 14 4 55 23 
8 33 28 92 59 1 36 53 91 75 1 30 69 87 100 
2 8 85 84 128 1 13 11 98 50 2 18 55 92 99 
3 2 1 25 13 2 2 12 25 26 
7 4 27 39 43 5 9 13 39 28 
7 2 16 35 34 4 3 1 34 16 
5 5 13 35 26 
2 20 59 104 103 5 9 9 97 55 
4 10 15 51 36 1 10 0 48 15 1 12 36 52 53 
3 94 12 167 46 1 21 52 64 72 
2 10 8 34 24 5 9 25 32 39 
3 3 15 32 34 1 3 1 32 13 
1 41 63 107 93 2 36 23 107 66 
2 13 16 48 32 1 12 43 48 58 7 13 31 48 46 
7 8 40 50 60 6 17 3 53 21 3 13 20 52 40 
3 9 10 39 27 1 10 26 41 39 
4 4 0 29 14 8 2 16 28 32 
7 15 20 53 35 1 15 33 57 50 
6 7 30 49 50 3 7 10 49 29 
4 20 36 57 57 2 15 17 54 37 1 15 4 52 18 
2 7 34 45 53 5 4 11 43 32 
6 8 2 36 19 6 7 19 35 36 
4 3 1 41 27 6 5 27 42 47 
6 7 31 50 53 3 6 10 50 31 
6 20 54 63 78 5 18 33 62 55 
3 1 14 24 26 8 3 0 24 13 

7 6 17 34 31 
7 19 6 65 24 1 18 28 67 49 
6 11 30 58 55 1 13 1 59 19 1 16 16 54 31 
1 17 7 71 23 8 16 20 67 36 
4 44 13 156 74 2 39 71 160 123 
4 8 31 56 59 
3 11 14 45 31 2 13 35 46 52 
3 11 2 96 48 5 18 50 103 95 
7 13 36 58 57 3 11 13 58 36 
8 12 42 48 60 7 12 25 47 44 2 8 4 50 26 
8 12 36 42 52 5 13 22 42 38 4 14 7 43 24 
2 5 9 30 22 
2 6 20 57 44 
7 14 25 56 46 5 11 0 52 22 2 19 48 60 69 
4 1 18 26 29 
1 4 13 35 24 
5 7 1 46 20 1 7 22 47 37 
2 15 6 64 42 6 16 41 66 71 
7 10 39 46 58 5 8 14 49 37 
7 2 24 39 41 5 5 8 42 26 
9 6 2 67 32 5 3 30 67 59 
3 10 31 38 47 6 10 18 38 32 7 10 2 38 17 
8 13 21 57 38 5 11 38 57 55 
4 13 7 57 24 8 12 24 55 40 
3 10 5 45 23 9 10 28 46 49 
1 16 3 48 19 2 14 37 50 59 3 15 58 51 80 5 13 15 50 36 
7 25 4 60 25 4 19 28 54 48 1 11 45 51 66 
1 5 13 37 28 7 8 26 36 41 
7 31 4 75 28 5 14 50 55 78 4 24 26 66 51 
8 17 35 46 53 2 34 58 64 76 7 25 44 59 64 
8 15 18 44 32 3 17 30 47 47 2 13 3 45 20 
7 35 71 85 99 2 39 13 81 39 7 35 40 80 68 
4 4 0 28 13 
8 3 16 27 30 9 2 2 26 16 
2 4 7 35 26 
1 6 34 47 50 
2 6 6 39 26 
5 13 0 52 17 7 12 19 49 36 
3 17 35 75 61 8 15 61 69 84 
6 5 1 32 17 5 5 18 32 36 
2 11 6 42 23 6 9 28 41 45 
1 44 109 89 132 
9 19 2 75 26 5 17 26 75 54 
3 5 1 30 13 
9 26 73 73 95 2 21 51 68 74 
2 11 30 49 50 9 12 13 45 30 
2 41 7 80 27 
3 6 18 30 29 3 5 5 31 18 
9 4 4 28 17 
8 11 22 53 37 3 12 12 50 26 
4 10 35 42 52 1 9 3 38 16 
5 20 7 92 42 6 17 40 92 79 
4 20 51 163 138 1 7 1 153 56 
7 4 17 33 34 5 5 0 32 18 
3 11 24 45 40 5 13 40 49 58 7 9 9 43 26 
9 8 25 45 45 2 10 0 46 21 
6 22 44 63 67 1 24 65 66 83 1 22 25 67 47 
2 10 86 110 127 2 22 13 119 54 5 15 53 112 89 
9 5 3 43 24 3 5 24 43 44 
2 3 22 42 45 
1 22 25 58 41 2 22 38 60 56 5 24 53 65 73 
2 14 24 49 43 6 16 45 49 62 2 14 3 50 22 
2 11 30 57 56 3 8 1 52 27 
9 48 38 84 56 3 43 13 80 31 
5 9 16 41 30 5 9 26 40 41 
2 17 38 74 64 7 15 63 72 88 
8 3 21 29 33 
4 9 5 72 37 3 8 38 70 68 
5 2 17 36 32 3 6 3 39 16 
7 6 20 36 38 
5 1 6 24 23 
2 5 13 35 28 
5 89 144 159 179 1 91 92 155 125 9 112 170 166 197 
8 57 83 100 102 
5 9 5 63 35 
4 12 66 98 106 
5 15 3 54 29 5 17 30 56 54 
4 6 10 41 29 7 3 29 37 44 
6 18 32 55 52 1 21 22 53 34 1 16 7 57 23 
5 11 31 45 50 8 13 50 45 68 6 11 12 45 31 
1 7 19 45 33 
1 23 4 58 20 7 27 34 58 51 5 25 18 58 35 
6 14 24 70 57 
4 2 12 27 30 1 3 0 29 12 
2 24 22 65 47 
1 9 23 84 50 
8 6 18 40 36 7 7 3 39 19 
2 15 25 46 41 6 17 13 41 26 3 12 2 44 18 
4 27 69 86 98 2 12 4 73 33 

6 3 10 47 36 
2 8 2 70 31 
7 13 15 35 27 9 14 27 34 38 5 9 1 40 17 
9 24 62 95 101 2 17 20 88 59 
8 19 48 54 67 3 18 9 54 28 3 19 29 54 46 

8 37 13 97 46 
4 16 39 56 59 4 14 19 57 38 1 14 5 59 22 
5 4 9 31 23 7 4 20 32 35 
2 4 2 33 17 4 9 19 35 33 
8 13 15 47 33 2 13 0 46 15 
1 16 18 50 34 7 17 2 51 18 7 12 31 49 51 
7 3 17 43 34 8 4 34 47 50 1 2 5 44 18 
1 19 13 55 31 3 15 28 54 47 1 14 43 53 62 
1 12 4 42 20 3 12 35 43 52 6 13 19 43 36 
1 5 3 37 15 
1 8 9 61 36 
8 16 1 53 14 7 16 22 54 37 3 15 13 53 25 
8 9 11 47 33 
7 15 16 51 31 5 17 29 47 42 
2 1 7 36 23 8 2 22 35 37 
7 28 67 49 79 2 28 52 49 65 
1 9 4 39 18 7 9 46 44 66 7 8 32 41 51 7 10 18 38 33 
9 4 41 63 66 3 4 11 68 38 
4 5 2 40 23 2 6 17 41 35 
1 11 21 49 35 5 9 34 49 51 
6 96 179 143 204 
3 5 14 36 34 1 5 1 33 14 
8 54 103 94 124 
2 9 15 40 33 8 11 33 38 49 
3 8 23 43 37 4 10 38 45 52 2 7 6 42 22 
4 12 19 76 47 7 12 47 72 74 
9 31 58 67 80 9 30 7 67 33 
2 17 32 49 48 9 9 45 43 61 4 20 17 56 32 
2 39 89 79 113 1 20 6 99 48 
6 9 4 74 37 8 9 37 71 70 
5 7 3 29 14 
7 19 16 64 39 4 23 37 66 61 
5 90 71 119 88 7 94 58 123 75 
4 2 6 21 20 
2 19 8 71 28 6 18 30 68 49 
4 10 4 34 17 3 10 15 32 27 4 10 26 33 39 
4 2 0 26 13 8 3 13 27 25 
1 2 24 33 40 8 1 6 33 26 
2 10 12 46 31 1 9 33 46 48 
4 23 46 185 157 
3 8 23 61 60 1 8 2 57 23 
9 33 50 99 93 5 64 16 116 51 5 25 91 76 130 
9 10 18 44 33 1 11 8 43 19 
4 1 15 23 27 
3 18 28 78 51 
9 1 0 24 11 5 2 12 25 24 
5 34 38 66 57 2 35 22 67 39 8 34 5 69 24 
5 20 26 53 42 6 20 39 51 56 1 25 5 56 23 
2 24 39 91 73 
1 18 72 54 90 2 14 33 52 53 3 12 11 53 34 1 17 55 56 74 
9 2 19 43 37 1 2 36 42 47 
5 6 14 48 40 1 7 1 48 15 
3 11 1 135 62 1 11 68 136 116 
9 12 11 45 31 
3 7 13 39 28 2 5 28 39 42 
1 40 23 73 40 6 24 62 59 86 
1 8 17 42 34 
4 2 5 28 18 3 3 19 29 32 
2 11 -2 65 25 1 9 27 65 54 
3 4 14 38 33 
8 19 27 71 54 2 16 52 66 82 1 24 3 77 26 
5 9 0 37 14 2 7 13 36 29 
2 10 40 46 64 1 27 9 59 28 7 17 24 50 44 
5 11 1 50 22 1 7 26 45 44 
5 1 1 25 14 3 3 16 26 30 
4 1 4 28 14 2 2 15 28 27 
6 48 49 90 69 6 52 88 92 109 8 52 71 92 92 
2 45 57 74 73 5 49 78 72 91 
4 5 20 34 37 
3 5 23 37 45 8 19 7 51 25 
2 5 4 45 27 
4 19 22 53 38 1 20 12 48 24 1 18 35 53 52 
3 9 5 83 33 
8 42 91 90 110 2 48 69 95 89 
6 3 7 21 17 
2 10 15 60 35 4 9 35 61 58 
6 10 13 61 46 
4 3 27 35 39 6 3 14 34 27 
7 30 6 113 50 9 33 52 109 96 
7 7 22 40 40 2 7 4 37 23 
9 4 10 37 32 5 5 0 36 12 
3 8 9 72 43 4 13 41 71 75 
8 16 41 65 71 5 16 10 63 41 
2 11 0 41 13 3 12 31 44 47 3 10 14 42 29 
2 19 12 83 47 9 24 49 84 80 1 29 81 84 107 
3 5 0 47 23 8 6 26 48 50 
9 6 17 39 33 5 6 2 37 16 8 8 33 41 48 
3 5 26 37 39 
2 33 32 60 47 7 15 48 43 63 
1 21 47 106 79 
8 5 25 41 43 7 4 4 39 24 
5 8 24 56 49 1 11 5 56 23 
3 11 12 31 25 9 11 1 32 12 
5 9 31 52 56 2 9 1 53 27 
3 5 28 44 44 1 11 2 47 14 
6 9 2 59 27 7 9 29 61 50 
2 30 58 68 77 
4 4 0 47 20 1 5 22 47 37 
2 58 48 99 70 8 50 83 93 104 3 58 65 96 84 
5 1 11 25 25 2 3 0 24 11 
1 7 2 29 13 6 6 13 29 29 
1 21 35 84 61 8 20 65 82 100 
8 8 25 37 45 
4 24 66 63 84 2 24 32 64 50 2 24 50 63 68 
6 9 26 35 42 9 14 15 40 32 
8 15 39 56 58 4 21 5 65 25 
5 2 13 34 26 9 5 1 35 13 
6 5 32 30 45 2 7 0 35 15 3 6 16 31 30 
2 9 1 65 33 8 7 34 63 69 
2 112 109 150 132 7 115 135 149 155 
9 8 34 44 51 
1 51 11 80 31 4 46 45 75 62 5 46 29 75 48 
3 4 1 43 25 
2 15 60 82 92 6 13 26 82 61 
7 11 7 56 31 3 11 30 52 52 
6 19 46 74 74 6 10 69 72 102 4 16 15 83 53 
1 35 114 138 169 
1 34 49 88 78 7 28 75 81 104 1 41 28 85 48 
7 19 16 42 28 4 16 29 41 40 
4 10 38 63 70 5 10 7 60 36 
2 15 0 43 15 7 13 31 42 48 
9 9 14 61 46 
6 18 68 65 95 7 16 46 55 66 
2 9 0 61 31 1 8 30 58 53 
6 12 2 45 21 6 9 34 41 52 1 12 20 42 33 
3 5 5 37 21 
2 16 66 59 90 2 35 40 77 69 
4 54 138 237 236 
2 17 43 46 59 4 18 31 44 45 6 18 14 45 31 
5 4 17 44 34 2 7 32 41 45 
3 6 28 59 55 1 7 9 60 27 

1 50 35 99 60 9 30 64 85 95 
5 8 24 40 38 
7 65 66 90 80 5 63 82 86 94 
1 7 34 39 58 5 20 0 51 20 4 15 19 45 39 
5 4 14 31 28 9 3 0 29 13 
3 10 6 44 21 4 11 38 44 54 
3 4 30 48 54 3 5 4 49 31 
1 25 20 99 51 
9 23 16 50 31 
1 7 18 51 33 5 9 34 53 56 1 7 1 47 17 
3 6 24 45 43 5 7 6 47 24 
1 3 4 40 18 
5 6 14 32 30 6 6 0 30 13 
6 3 8 46 31 
3 20 13 59 32 4 22 29 57 45 1 19 44 57 59 
1 19 16 49 35 2 15 34 44 51 
3 18 6 96 34 1 16 40 105 72 
5 7 22 29 36 3 6 9 28 21 
7 50 45 78 61 3 52 14 79 31 
7 6 25 34 39 1 5 2 36 12 
3 3 4 44 27 4 5 29 46 51 
3 5 17 41 32 6 7 33 41 47 
4 12 37 57 68 
6 13 34 42 48 4 13 18 43 30 
7 7 24 50 51 2 8 1 47 24 
4 32 19 81 51 1 45 5 93 27 1 17 36 66 71 
4 1 0 27 18 
3 39 69 72 92 3 18 8 68 41 
8 3 10 37 25 
4 8 42 55 67 
7 14 21 57 41 8 14 40 59 61 
9 8 22 48 47 7 10 2 47 23 
9 43 110 73 126 7 43 122 74 136 
4 24 35 59 54 5 24 53 61 71 
3 8 9 35 24 
7 3 15 24 27 3 2 1 25 16 
6 25 83 86 110 1 23 68 81 91 
1 87 23 118 43 8 87 56 118 72 8 87 44 118 60 
4 62 140 186 220 
4 16 24 50 45 9 13 6 38 22 
8 58 109 152 171 1 47 1 149 50 
9 4 32 37 46 3 4 17 37 33 
4 3 9 37 23 1 7 26 43 38 
6 21 38 63 66 2 16 5 64 38 
1 25 12 96 41 
9 6 25 38 43 7 7 6 37 23 
5 1 12 42 38 
9 17 44 58 64 2 14 22 57 44 7 6 60 49 87 
8 26 45 54 59 3 26 25 55 40 
2 2 7 42 28 
4 9 28 65 61 
6 6 17 38 34 1 10 1 41 18 
6 4 11 31 33 
2 22 65 91 87 
3 14 32 59 51 3 14 6 59 29 8 16 50 61 74 
6 4 12 31 24 
8 14 27 49 44 1 14 8 50 25 
7 4 15 30 28 2 4 3 30 16 
1 16 45 117 72 1 17 102 112 129 1 14 74 112 103 
4 5 12 38 27 1 3 1 37 14 
3 13 32 50 55 1 12 57 50 78 3 15 76 51 100 
4 33 105 146 171 5 35 36 154 105 
2 89 4 125 23 
3 7 6 33 20 3 4 20 32 35 
3 15 18 52 39 7 15 42 53 64 
5 9 43 62 60 1 7 29 58 46 
6 6 18 43 39 
5 11 15 42 30 4 12 3 44 17 1 8 29 42 41 
6 85 163 153 203 4 95 131 155 169 2 98 96 161 135 
5 19 49 94 76 2 20 25 91 51 6 19 75 92 106 
9 13 21 61 38 1 12 4 62 22 
6 13 54 58 74 1 16 36 63 53 
4 18 23 56 46 1 19 4 64 22 3 13 49 55 74 
8 19 1 61 19 8 15 26 57 48 
8 3 14 42 39 
2 11 30 35 43 2 9 16 33 30 1 8 6 33 16 
3 11 3 40 18 7 13 31 42 45 
5 6 21 54 47 1 9 4 57 22 
7 10 17 67 50 
9 11 37 74 74 1 5 12 71 36 
1 5 5 46 25 
4 26 103 71 128 3 49 39 104 76 6 35 71 88 105 
6 5 12 34 27 1 5 0 35 13 1 6 27 35 39 
5 10 18 36 30 4 10 27 35 40 3 11 8 37 21 
7 13 15 43 31 7 15 2 46 18 3 8 29 39 44 
2 5 0 37 15 
4 15 2 85 46 
2 20 16 57 35 2 20 35 55 56 1 18 2 59 18 
3 17 11 76 40 7 12 38 79 63 
8 6 19 41 33 3 9 32 44 46 
3 10 23 32 37 4 11 8 33 22 
6 29 8 83 45 3 39 67 75 89 2 40 49 78 75 
3 9 23 41 46 
4 8 16 43 31 7 11 32 46 48 
8 18 19 49 35 5 14 33 46 49 1 11 46 43 61 
8 15 12 49 31 

4 3 7 35 27 
4 19 27 44 40 2 15 36 46 54 3 18 17 43 29 
5 20 81 65 108 9 29 59 78 86 5 42 36 90 67 
8 15 60 70 90 4 24 35 78 61 
5 6 12 33 26 4 6 27 32 39 
8 11 40 43 59 5 20 8 56 26 2 18 24 52 41 

1 6 22 45 38 
9 12 35 52 61 5 11 10 51 32 
5 2 14 26 28 1 3 4 29 15 
7 73 97 198 159 
8 19 4 63 21 9 20 23 65 40 
9 14 18 46 33 4 14 5 47 19 
2 24 9 68 34 6 19 51 61 74 2 19 31 63 52 
3 2 2 27 16 
9 31 45 79 69 3 31 17 80 44 3 25 65 76 94 
9 20 46 56 66 1 22 32 59 50 
1 31 9 75 31 9 29 49 74 73 
2 26 56 66 80 4 18 32 62 56 
6 35 40 164 90 
9 24 27 54 39 8 24 39 54 52 
6 6 26 31 39 2 8 1 34 14 5 8 14 32 26 
5 7 4 47 22 
5 3 5 29 21 6 4 22 27 33 
3 71 82 105 98 7 66 59 105 80 
2 22 28 85 60 
8 7 19 30 34 
1 5 4 32 15 2 3 12 31 26 1 4 24 32 35 
3 33 20 76 45 7 11 56 56 78 2 23 38 63 65 
4 19 1 44 12 7 13 19 38 32 
2 8 1 54 26 7 8 26 53 52 
6 39 55 71 75 
2 36 43 74 62 2 30 15 68 34 
5 4 8 22 18 
1 15 4 53 19 3 13 16 50 33 4 10 30 46 47 
8 11 64 55 96 5 36 19 83 56 6 26 47 60 72 
2 13 38 51 55 
1 6 0 41 16 
8 33 103 85 127 1 45 79 97 104 

1 13 14 57 29 5 12 27 56 44 
7 4 9 29 29 
3 9 7 37 21 8 9 21 38 36 
8 27 2 90 30 5 26 28 94 60 
6 18 31 59 51 6 16 51 57 73 1 18 14 61 32 
1 27 49 67 69 
9 3 19 33 35 2 3 3 33 19 
8 22 102 137 172 3 10 18 140 95 
2 3 14 29 27 2 4 2 30 15 
1 21 3 65 23 3 17 46 62 70 
2 5 26 43 44 
7 31 68 63 85 7 31 53 65 71 1 28 35 74 57 
3 15 3 50 21 
2 35 8 91 45 4 33 35 88 68 
7 9 28 34 43 1 7 3 34 16 
7 13 34 54 56 9 14 5 53 22 8 13 19 53 34 
1 8 54 61 74 4 13 25 67 57 
8 4 2 37 18 7 7 19 35 34 
3 3 37 37 54 3 18 8 49 27 7 11 24 42 38 
8 7 17 39 32 2 8 2 40 17 
9 4 11 37 30 
8 41 77 138 120 3 31 113 127 156 
6 6 11 45 32 
3 23 5 74 35 2 19 37 72 69 8 19 70 72 95 
9 24 45 55 57 8 20 57 50 69 
9 11 27 45 43 6 12 0 45 12 
7 13 6 44 23 2 10 21 44 40 
2 8 2 28 13 3 9 13 29 24 
2 1 20 27 32 1 3 3 28 16 
5 6 32 51 56 
6 7 13 35 27 7 7 26 37 38 

3 5 7 50 31 7 7 30 48 50 
8 8 27 30 40 1 10 2 31 12 
6 18 57 87 97 1 27 26 87 59 
1 105 13 156 47 2 85 44 144 77 
2 23 20 59 36 8 14 42 51 57 
6 2 12 32 26 1 3 2 34 12 
1 34 33 68 48 3 28 47 65 65 4 22 62 59 82 1 41 18 78 40 
5 10 22 37 33 8 6 32 35 44 
4 24 7 96 55 1 20 58 95 89 
4 3 5 37 22 6 4 23 37 39 
1 38 50 80 72 
2 7 7 34 19 5 5 20 33 31 
5 22 44 53 68 
1 11 1 39 13 5 12 35 40 49 7 12 24 40 36 
3 25 17 58 36 6 23 40 57 58 9 21 61 55 80 
5 33 8 76 37 4 12 55 57 84 
5 6 20 37 36 8 6 3 35 20 
3 4 21 48 47 
4 14 21 51 40 1 13 41 53 57 1 13 4 53 20 
7 2 3 28 21 
6 4 26 33 39 
3 23 41 62 65 2 23 1 63 21 
7 28 59 61 77 3 30 44 63 60 9 26 77 64 97 
1 8 24 48 36 6 10 9 49 25 
3 14 37 73 61 6 16 8 73 35 
9 14 31 46 44 2 16 43 45 56 2 14 19 45 33 
2 14 50 60 66 6 15 35 61 51 
5 33 72 117 109 4 30 15 114 50 
2 12 33 35 45 6 13 16 33 26 
1 31 13 101 40 8 18 73 86 112 
5 2 1 33 18 6 3 19 31 36 
5 12 29 89 65 1 15 2 88 27 
5 15 12 38 26 2 16 0 42 12 
5 22 38 60 60 
5 23 94 74 125 3 26 66 80 95 
8 9 2 53 22 
9 3 7 33 20 
6 5 11 47 37 
2 11 20 48 36 7 18 53 54 68 5 16 37 50 53 
2 20 13 40 27 3 17 25 38 38 2 17 39 40 55 

6 42 67 105 110 2 75 18 135 62 
1 10 6 39 17 
9 7 26 45 47 3 6 6 43 26 
3 11 31 49 53 1 25 6 66 23 3 20 22 59 39 
9 40 52 101 85 8 37 81 99 114 3 43 19 102 59 
5 8 22 56 46 1 8 3 56 21 
3 7 9 76 45 3 13 42 76 75 
1 24 46 89 77 1 23 79 90 107 
1 10 19 43 34 
9 34 92 115 133 5 31 56 109 96 1 0 12 116 54 
1 27 49 95 79 3 19 8 91 48 
7 16 11 52 29 7 15 27 51 45 3 13 42 50 61 
5 4 22 35 38 4 3 8 34 22 
5 9 4 61 31 3 10 31 61 57 
5 13 35 44 52 3 9 3 40 18 4 10 19 43 35 
4 23 38 60 56 1 20 19 64 38 3 24 55 58 73 
8 18 32 51 49 5 14 48 46 67 1 22 17 56 31 
4 17 33 134 91 1 27 107 142 155 
6 9 28 57 49 3 3 6 49 27 
8 73 100 124 132 2 89 68 144 103 
2 5 0 37 19 
5 17 8 61 35 9 12 36 56 62 
9 30 26 91 52 8 29 56 89 81 
1 10 15 84 41 
5 20 6 110 61 
7 7 15 25 28 7 7 6 25 16 
8 48 22 106 56 3 37 55 90 88 9 29 88 80 117 
4 6 16 38 30 9 7 4 40 16 
6 78 146 115 165 4 82 131 116 151 
1 3 1 32 12 
2 46 48 83 67 7 38 70 76 90 
7 7 4 43 24 
7 2 19 27 34 7 2 2 28 18 
3 11 1 77 30 3 10 32 76 59 4 17 65 80 93 
8 25 92 119 145 3 26 36 123 91 
9 13 37 68 60 2 16 15 64 37 
2 26 -1 100 43 3 19 47 96 94 3 17 101 96 146 
9 7 28 40 44 1 7 16 38 28 
2 8 26 48 44 2 8 42 46 58 
3 7 39 52 57 6 6 21 50 38 1 5 8 48 22 
1 7 16 38 27 4 6 0 41 18 
9 3 18 30 34 6 3 1 29 18 
1 115 73 160 98 5 117 101 158 124 
6 4 10 30 24 
2 5 6 50 35 
1 41 2 119 34 5 34 80 113 132 5 35 32 113 79 
9 10 22 45 43 
9 28 44 60 61 2 27 24 67 46 
2 37 42 101 75 
1 11 11 78 36 
2 6 7 30 24 8 8 23 29 35 
3 3 15 28 29 3 2 0 27 14 
8 9 52 77 93 6 10 4 80 46 
2 9 17 38 31 4 10 1 38 17 8 10 30 39 46 
2 19 11 89 38 3 12 43 84 68 
5 7 11 36 27 
2 8 16 43 35 
4 11 22 38 37 2 9 5 37 21 
3 14 2 65 28 1 18 25 67 43 
6 10 34 59 60 1 12 10 63 35 
2 30 56 59 71 7 30 70 61 89 4 29 35 60 53 
5 10 25 55 53 
7 8 37 60 66 3 10 5 60 36 
3 11 31 32 45 3 19 20 39 33 1 6 43 27 54 4 22 6 48 21 
5 7 26 57 54 
2 38 41 94 67 5 20 82 82 110 2 30 62 88 85 
6 11 37 41 51 2 12 22 42 37 6 11 6 42 21 
6 2 2 23 16 
5 25 49 80 78 7 32 0 86 24 9 31 24 83 49 
8 18 35 49 55 5 20 6 45 20 8 17 20 48 37 
3 12 49 52 64 3 13 36 53 50 1 14 24 55 39 
3 7 2 32 19 8 6 20 31 35 
2 11 1 39 18 8 8 19 40 37 
9 2 15 27 29 5 2 3 27 18 
7 9 15 36 27 4 9 3 38 16 2 8 26 37 39 
1 22 42 55 56 2 23 54 54 69 7 24 67 53 81 
2 10 21 54 38 9 11 37 58 53 9 8 49 59 68 
9 52 90 91 114 7 49 106 93 130 
2 3 18 35 35 5 3 3 34 20 
4 121 49 164 71 
2 10 38 39 51 2 10 25 40 41 
6 28 111 127 168 2 43 51 134 111 
2 48 40 81 60 4 50 26 83 47 
3 19 7 71 36 1 17 44 75 67 
2 5 2 32 15 
6 6 37 44 54 4 6 21 43 38 2 6 5 44 25 
2 14 33 50 53 1 13 53 48 67 
4 0 7 21 23 
7 13 15 84 46 
3 15 24 33 35 4 15 34 33 44 1 12 13 35 24 
2 16 35 57 54 8 18 50 59 69 
7 49 67 107 102 3 60 32 126 69 
3 85 93 127 117 1 75 127 119 151 
5 0 2 17 15 
2 41 7 83 25 6 30 56 118 100 6 42 29 81 46 
4 7 3 45 23 9 14 24 44 40 
5 14 38 44 57 8 23 22 54 38 3 31 4 64 24 
1 7 28 47 46 1 8 13 47 30 
1 29 50 70 68 1 29 12 72 31 
8 6 9 36 25 6 4 26 35 43 
3 10 8 30 20 
6 27 113 58 129 1 28 104 57 117 1 28 91 58 106 
5 16 59 66 82 4 15 37 67 61 4 13 9 68 36 
2 5 32 40 46 2 4 4 40 20 
4 9 7 47 23 
8 5 25 54 55 
7 24 35 51 49 4 17 60 49 75 7 20 47 50 62 1 23 24 53 39 
3 4 10 21 21 
5 4 18 48 39 
3 11 17 38 31 6 11 31 38 46 4 8 1 40 18 
5 8 18 30 32 3 8 5 30 18 
4 2 2 32 20 5 3 21 33 37 
2 12 1 42 16 2 11 15 42 34 
4 8 17 56 46 
6 9 16 57 43 
9 10 39 62 67 2 8 10 60 40 
7 10 8 36 22 8 9 20 35 32 8 11 31 36 45 
8 21 48 106 83 3 23 82 110 122 5 15 7 102 45 
9 12 61 63 92 1 19 33 69 59 1 17 4 73 32 
8 5 38 72 79 1 9 10 73 39 
9 5 6 31 23 
2 5 7 58 30 
4 6 1 27 13 7 7 13 27 26 
1 26 8 60 23 6 70 8 178 62 8 24 34 57 50 8 26 21 57 36 
9 8 2 54 30 
4 12 17 73 52 
4 9 54 93 83 7 20 77 99 104 
6 2 8 31 27 
5 6 3 31 18 
1 47 77 93 104 9 35 93 83 122 
5 6 14 31 27 2 4 0 29 14 
1 9 12 73 34 
5 20 47 43 60 6 21 34 45 48 7 17 18 46 35 
2 23 23 105 70 1 23 114 90 135 
7 4 0 38 20 6 3 21 38 40 
7 13 13 60 34 1 14 1 61 16 
4 15 90 83 129 3 27 55 91 99 1 47 29 115 65 
5 57 61 88 77 5 55 73 89 90 
6 2 20 32 38 4 2 0 35 19 
6 5 10 25 23 4 5 1 25 12 
6 3 30 50 54 
2 11 18 40 34 3 13 2 41 19 
4 13 59 94 96 4 6 23 88 58 
2 0 14 27 30 
4 5 20 43 41 
2 10 21 36 39 
5 89 106 115 122 
3 8 34 54 58 
3 4 11 30 24 
6 77 72 140 112 4 55 110 117 154 1 105 42 163 81 
9 10 33 52 58 4 6 5 50 34 
8 11 11 41 27 4 12 26 40 40 1 10 38 40 49 
1 19 8 68 31 2 20 32 65 62 
1 6 35 50 52 7 5 13 46 34 
1 13 17 76 49 
4 11 2 38 16 8 10 16 36 29 
4 3 15 33 34 7 2 0 32 14 
8 7 20 65 56 
1 4 32 38 45 2 5 18 36 31 1 5 6 36 19 
5 10 22 46 36 1 11 13 47 25 5 9 34 47 51 
4 9 31 35 43 9 8 20 34 32 
2 11 14 67 40 8 9 39 64 65 
7 8 16 35 29 3 9 1 35 16 4 7 28 34 44 
6 12 38 43 53 6 13 25 43 41 1 11 2 42 15 1 12 12 42 26 
6 10 4 69 37 3 16 38 78 71 
3 13 15 71 44 8 15 45 72 72 
1 43 29 78 46 4 34 52 69 70 
3 6 1 35 16 2 4 15 33 28 1 2 28 31 37 
2 8 11 35 22 2 8 0 36 11 9 8 22 37 34 
3 6 7 46 35 
1 20 25 68 42 
3 16 40 86 78 
6 8 2 36 16 
9 10 36 50 59 
3 23 23 71 48 3 27 48 74 75 1 23 6 70 25 
3 21 44 63 64 8 20 60 66 84 1 25 31 65 49 
6 4 15 27 26 6 3 3 25 13 
2 7 14 35 26 3 8 26 36 38 
1 2 2 31 15 4 1 15 29 31 
3 15 4 46 21 8 10 34 40 51 3 13 19 44 35 
4 7 7 45 28 
5 7 4 40 21 7 2 22 38 41 
2 33 15 71 42 5 22 36 58 59 
5 4 5 44 22 5 9 22 47 39 
8 21 55 79 90 1 25 26 90 54 
8 13 30 46 46 6 10 12 44 30 5 14 45 46 61 
6 4 31 54 58 5 3 5 52 31 
1 48 22 95 45 9 24 74 76 106 
8 18 29 63 48 2 17 47 66 72 
6 7 36 56 65 
2 7 5 66 29 2 10 30 68 56 
5 14 36 37 51 8 12 19 35 32 1 12 7 36 20 
2 48 8 95 32 2 48 39 95 64 
3 15 30 43 45 3 10 58 39 72 
3 22 18 70 46 
1 8 19 56 33 
3 14 27 65 54 1 11 55 64 74 
2 7 15 88 64 
4 13 47 87 90 3 3 1 78 43 
1 26 24 56 42 2 26 39 57 59 
7 6 20 49 49 1 6 2 48 17 
2 16 9 64 28 
4 25 104 159 155 5 26 30 148 88 1 40 75 155 108 
4 5 19 42 38 3 5 1 42 19 
3 6 23 41 37 4 6 10 41 24 
7 33 86 84 115 6 35 110 82 136 
2 15 45 61 74 3 15 8 62 42 
4 19 0 54 15 
9 23 26 58 43 7 18 43 57 64 1 24 12 59 29 
4 3 14 27 29 
4 33 83 109 126 3 25 44 103 81 
2 54 51 108 79 1 26 120 121 155 9 32 96 118 131 
5 33 47 65 64 8 31 63 62 81 
6 20 53 89 85 
5 29 61 56 75 
5 2 1 35 16 9 3 28 36 41 4 3 15 36 28 
1 13 1 49 14 7 12 13 47 27 2 13 26 47 41 
5 10 47 62 77 1 20 4 70 25 4 16 22 65 50 
1 28 1 88 26 9 14 59 74 97 
5 8 17 48 42 
5 32 63 70 87 2 25 12 72 38 6 31 40 69 62 
2 18 39 75 70 7 24 67 79 94 
3 4 10 30 26 
3 8 18 41 31 3 8 30 41 42 
2 5 18 51 38 4 8 39 54 57 
8 21 47 55 69 7 20 31 54 50 3 20 11 54 32 
2 2 18 42 46 
3 3 5 24 20 
9 2 6 36 27 1 3 27 37 40 
7 6 24 42 45 4 7 5 42 22 
5 15 55 68 77 1 7 20 65 43 1 13 35 69 56 
1 10 1 45 13 1 8 12 43 25 
4 17 61 77 86 3 15 38 78 62 
7 2 17 23 30 4 1 3 24 16 
8 49 45 86 68 4 59 22 97 46 
